format=vmec_like_v1
r_axis=6.2000000000000000e0
z_axis=0.0000000000000000e0
a_minor=2.0000000000000000e0
kappa=1.7000000000000000e0
triangularity=3.3000000000000000e-1
nfp=1
mode,0,0,6.2000000000000000e0,0.0000000000000000e0,0.0000000000000000e0,0.0000000000000000e0
mode,1,0,2.0000000000000000e0,0.0000000000000000e0,0.0000000000000000e0,3.4000000000000000e0
mode,2,1,1.5000000000000000e-2,0.0000000000000000e0,0.0000000000000000e0,8.0000000000000000e-3
